

   -1.00000000000000e+007	
   -9.81562175112441e+006	
   -9.62315953494134e+006	
   -9.43447108770304e+006	
   -9.24948241394000e+006	
   -9.06812096907428e+006	
   -8.89031563097062e+006	
   -8.71599667204547e+006	
   -8.54509573192278e+006	
   -8.37754579062601e+006	
   -8.21328114229586e+006	
   -8.05223736942315e+006	
   -7.89435131758717e+006	
   -7.73956107068915e+006	
   -7.58780592667148e+006	
   -7.43902637371297e+006	
   -7.29316406689092e+006	
   -7.15016180530066e+006	
   -7.00996350962394e+006	
   -6.87251420013696e+006	
   -6.73775997514973e+006	
   -6.60564798986812e+006	
   -6.47612643567047e+006	
   -6.34914451979043e+006	
   -6.22465244539822e+006	
   -6.10260139207253e+006	
   -5.98294349665518e+006	
   -5.86563183448132e+006	
   -5.75062040097752e+006	
   -5.63786409362087e+006	
   -5.52731869425159e+006	
   -5.41894085173270e+006	
   -5.31268806494947e+006	
   -5.20851866614238e+006	
   -5.10639180456680e+006	
   -5.00626743047310e+006	
   -4.90810627940084e+006	
   -4.81186985678098e+006	
   -4.71752042283994e+006	
   -4.62502097779971e+006	
   -4.53433524736810e+006	
   -4.44542766851359e+006	
   -4.35826337551897e+006	
   -4.27280818630856e+006	
   -4.18902858904345e+006	
   -4.10689172897962e+006	
   -4.02636539558370e+006	
   -3.94741800990143e+006	
   -3.87001861217372e+006	
   -3.79413684969557e+006	
   -3.71974296491306e+006	
   -3.64680778375375e+006	
   -3.57530270418579e+006	
   -3.50519968500152e+006	
   -3.43647123482086e+006	
   -3.36909040131041e+006	
   -3.30303076061389e+006	
   -3.23826640698986e+006	
   -3.17477194265256e+006	
   -3.11252246781208e+006	
   -3.05149357090965e+006	
   -2.99166131904452e+006	
   -2.93300224858851e+006	
   -2.87549335598457e+006	
   -2.81911208872582e+006	
   -2.76383633651135e+006	
   -2.70964442257560e+006	
   -2.65651509518760e+006	
   -2.60442751931702e+006	
   -2.55336126846351e+006	
   -2.50329631664634e+006	
   -2.45421303055108e+006	
   -2.40609216183024e+006	
   -2.35891483955490e+006	
   -2.31266256281437e+006	
   -2.26731719346091e+006	
   -2.22286094899674e+006	
   -2.17927639560048e+006	
   -2.13654644129044e+006	
   -2.09465432922176e+006	
   -2.05358363111521e+006	
   -2.01331824081468e+006	
   -1.97384236797102e+006	
   -1.93514053184978e+006	
   -1.89719755526034e+006	
   -1.85999855860401e+006	
   -1.82352895403899e+006	
   -1.78777443975956e+006	
   -1.75272099438757e+006	
   -1.71835487147385e+006	
   -1.68466259410746e+006	
   -1.65163094963061e+006	
   -1.61924698445722e+006	
   -1.58749799899312e+006	
   -1.55637154265576e+006	
   -1.52585540899169e+006	
   -1.49593763088966e+006	
   -1.46660647588766e+006	
   -1.43785044157198e+006	
   -1.40965825106641e+006	
   -1.38201884860997e+006	
   -1.35492139522131e+006	
   -1.32835526444810e+006	
   -1.30231003819987e+006	
   -1.27677550266238e+006	
   -1.25174164429229e+006	
   -1.22719864589025e+006	
   -1.20313688275098e+006	
   -1.17954691888896e+006	
   -1.15641950333796e+006	
   -1.13374556652326e+006	
   -1.11151621670492e+006	
   -1.08972273649086e+006	
   -1.06835657941826e+006	
   -1.04740936660198e+006	
   -1.02687288344876e+006	
   -1.00673907643580e+006	
   -9.87000049952512e+005	
   -9.67648063204188e+005	
   -9.48675527176419e+005	
   -9.30075001658998e+005	
   -9.11839192328193e+005	
   -8.93960947886228e+005	
   -8.76433257256850e+005	
   -8.59249246835892e+005	
   -8.42402177795736e+005	
   -8.25885443442643e+005	
   -8.09692566625885e+005	
   -7.93817197197690e+005	
   -7.78253109522989e+005	
   -7.62994200037989e+005	
   -7.48034484856616e+005	
   -7.33368097423897e+005	
   -7.18989286215350e+005	
   -7.04892412481479e+005	
   -6.91071948036508e+005	
   -6.77522473090459e+005	
   -6.64238674123743e+005	
   -6.51215341803434e+005	
   -6.38447368940385e+005	
   -6.25929748486416e+005	
   -6.13657571570760e+005	
   -6.01626025575019e+005	
   -5.89830392245861e+005	
   -5.78266045844726e+005	
   -5.66928451333809e+005	
   -5.55813162597616e+005	
   -5.44915820699388e+005	
   -5.34232152171713e+005	
   -5.23757967340659e+005	
   -5.13489158682763e+005	
   -5.03421699214238e+005	
   -4.93551640911762e+005	
   -4.83875113164236e+005	
   -4.74388321254897e+005	
   -4.65087544873193e+005	
   -4.55969136655835e+005	
   -4.47029520756466e+005	
   -4.38265191443358e+005	
   -4.29672711724625e+005	
   -4.21248712000376e+005	
   -4.12989888741309e+005	
   -4.04893003193205e+005	
   -3.96954880106827e+005	
   -3.89172406492732e+005	
   -3.81542530400482e+005	
   -3.74062259721805e+005	
   -3.66728661017220e+005	
   -3.59538858365666e+005	
   -3.52490032236691e+005	
   -3.45579418384756e+005	
   -3.38804306765211e+005	
   -3.32162040471539e+005	
   -3.25650014693430e+005	
   -3.19265675695283e+005	
   -3.13006519814748e+005	
   -3.06870092480889e+005	
   -3.00853987251616e+005	
   -2.94955844869976e+005	
   -2.89173352338956e+005	
   -2.83504242014427e+005	
   -2.77946290715869e+005	
   -2.72497318854537e+005	
   -2.67155189578722e+005	
   -2.61917807935766e+005	
   -2.56783120050515e+005	
   -2.51749112319877e+005	
   -2.46813810623173e+005	
   -2.41975279547973e+005	
   -2.37231621631110e+005	
   -2.32580976614578e+005	
   -2.28021520716017e+005	
   -2.23551465913506e+005	
   -2.19169059244378e+005	
   -2.14872582117781e+005	
   -2.10660349640726e+005	
   -2.06530709957338e+005	
   -2.02482043601076e+005	
   -1.98512762859643e+005	
   -1.94621311152355e+005	
   -1.90806162419720e+005	
   -1.87065820524980e+005	
   -1.83398818667391e+005	
   -1.79803718807010e+005	
   -1.76279111100754e+005	
   -1.72823613349523e+005	
   -1.69435870456159e+005	
   -1.66114553894038e+005	
   -1.62858361186076e+005	
   -1.59666015393956e+005	
   -1.56536264617368e+005	
   -1.53467881503066e+005	
   -1.50459662763554e+005	
   -1.47510428705209e+005	
   -1.44619022765655e+005	
   -1.41784311060210e+005	
   -1.39005181937225e+005	
   -1.36280545542142e+005	
   -1.33609333390099e+005	
   -1.30990497946920e+005	
   -1.28423012218313e+005	
   -1.25905869347130e+005	
   -1.23438082218519e+005	
   -1.21018683072821e+005	
   -1.18646723126060e+005	
   -1.16321272197862e+005	
   -1.14041418346687e+005	
   -1.11806267512202e+005	
   -1.09614943164668e+005	
   -1.07466585961204e+005	
   -1.05360353408787e+005	
   -1.03295419533869e+005	
   -1.01270974558459e+005	
   -9.92862245825672e+004	
   -9.73403912728692e+004	
   -9.54327115574789e+004	
   -9.35624373267041e+004	
   -9.17288351396700e+004	
   -8.99311859366954e+004	
   -8.81687847573085e+004	
   -8.64409404637920e+004	
   -8.47469754701483e+004	
   -8.30862254763800e+004	
   -8.14580392079797e+004	
   -7.98617781605285e+004	
   -7.82968163493017e+004	
   -7.67625400637853e+004	
   -7.52583476270046e+004	
   -7.37836491595724e+004	
   -7.23378663483644e+004	
   -7.09204322197292e+004	
   -6.95307909171456e+004	
   -6.81683974832401e+004	
   -6.68327176460778e+004	
   -6.55232276096442e+004	
   -6.42394138484348e+004	
   -6.29807729060727e+004	
   -6.17468111978745e+004	
   -6.05370448172880e+004	
   -5.93509993461248e+004	
   -5.81882096685139e+004	
   -5.70482197885031e+004	
   -5.59305826512377e+004	
   -5.48348599676441e+004	
   -5.37606220425524e+004	
   -5.27074476061879e+004	
   -5.16749236489678e+004	
   -5.06626452595364e+004	
   -4.96702154659762e+004	
   -4.86972450801329e+004	
   -4.77433525449923e+004	
   -4.68081637850506e+004	
   -4.58913120596176e+004	
   -4.49924378189969e+004	
   -4.41111885634865e+004	
   -4.32472187051430e+004	
   -4.24001894322571e+004	
   -4.15697685764867e+004	
   -4.07556304825941e+004	
   -3.99574558807386e+004	
   -3.91749317612725e+004	
   -3.84077512519920e+004	
   -3.76556134977954e+004	
   -3.69182235427006e+004	
   -3.61952922141764e+004	
   -3.54865360097409e+004	
   -3.47916769857845e+004	
   -3.41104426485724e+004	
   -3.34425658473840e+004	
   -3.27877846697483e+004	
   -3.21458423387330e+004	
   -3.15164871122473e+004	
   -3.08994721843203e+004	
   -3.02945555883133e+004	
   -2.97015001020320e+004	
   -2.91200731546973e+004	
   -2.85500467357418e+004	
   -2.79911973053932e+004	
   -2.74433057070123e+004	
   -2.69061570811486e+004	
   -2.63795407812823e+004	
   -2.58632502912172e+004	
   -2.53570831440947e+004	
   -2.48608408429941e+004	
   -2.43743287830916e+004	
   -2.38973561753440e+004	
   -2.34297359716699e+004	
   -2.29712847915972e+004	
   -2.25218228503496e+004	
   -2.20811738883420e+004	
   -2.16491651020601e+004	
   -2.12256270762936e+004	
   -2.08103937176989e+004	
   -2.04033021896649e+004	
   -2.00041928484551e+004	
   -1.96129091806024e+004	
   -1.92292977415310e+004	
   -1.88532080953827e+004	
   -1.84844927560216e+004	
   -1.81230071291969e+004	
   -1.77686094558395e+004	
   -1.74211607564694e+004	
   -1.70805247766948e+004	
   -1.67465679337785e+004	
   -1.64191592642528e+004	
   -1.60981703725609e+004	
   -1.57834753807060e+004	
   -1.54749508788876e+004	
   -1.51724758771048e+004	
   -1.48759317577099e+004	
   -1.45852022288914e+004	
   -1.43001732790693e+004	
   -1.40207331321849e+004	
   -1.37467722038669e+004	
   -1.34781830584571e+004	
   -1.32148603668788e+004	
   -1.29567008653315e+004	
   -1.27036033147949e+004	
   -1.24554684613276e+004	
   -1.22121989971440e+004	
   -1.19736995224543e+004	
   -1.17398765080525e+004	
   -1.15106382586391e+004	
   -1.12858948768611e+004	
   -1.10655582280593e+004	
   -1.08495419057045e+004	
   -1.06377611975135e+004	
   -1.04301330522282e+004	
   -1.02265760470466e+004	
   -1.00270103556921e+004	
   -9.83135771710921e+003	
   -9.63954140477305e+003	
   -9.45148619660035e+003	
   -9.26711834545064e+003	
   -9.08636555020583e+003	
   -8.90915692741680e+003	
   -8.73542298350599e+003	
   -8.56509558751499e+003	
   -8.39810794438657e+003	
   -8.23439456877046e+003	
   -8.07389125934291e+003	
   -7.91653507362963e+003	
   -7.76226430332248e+003	
   -7.61101845008018e+003	
   -7.46273820180342e+003	
   -7.31736540937522e+003	
   -7.17484306385738e+003	
   -7.03511527413401e+003	
   -6.89812724499344e+003	
   -6.76382525563995e+003	
   -6.63215663862672e+003	
   -6.50306975920199e+003	
   -6.37651399506009e+003	
   -6.25243971648961e+003	
   -6.13079826691070e+003	
   -6.01154194379412e+003	
   -5.89462397995434e+003	
   -5.77999852520946e+003	
   -5.66762062840075e+003	
   -5.55744621976476e+003	
   -5.44943209365104e+003	
   -5.34353589157878e+003	
   -5.23971608562557e+003	
   -5.13793196214204e+003	
   -5.03814360578563e+003	
   -4.94031188386758e+003	
   -4.84439843100675e+003	
   -4.75036563408437e+003	
   -4.65817661749380e+003	
   -4.56779522867952e+003	
   -4.47918602395963e+003	
   -4.39231425462641e+003	
   -4.30714585331933e+003	
   -4.22364742066533e+003	
   -4.14178621218101e+003	
   -4.06153012543169e+003	
   -3.98284768744215e+003	
   -3.90570804235437e+003	
   -3.83008093932713e+003	
   -3.75593672067298e+003	
   -3.68324631022773e+003	
   -3.61198120194807e+003	
   -3.54211344873273e+003	
   -3.47361565146278e+003	
   -3.40646094825694e+003	
   -3.34062300393750e+003	
   -3.27607599970275e+003	
   -3.21279462300202e+003	
   -3.15075405760914e+003	
   -3.08992997389063e+003	
   -3.03029851926465e+003	
   -2.97183630884701e+003	
   -2.91452041628070e+003	
   -2.85832836474511e+003	
   -2.80323811814158e+003	
   -2.74922807245185e+003	
   -2.69627704726584e+003	
   -2.64436427747563e+003	
   -2.59346940513229e+003	
   -2.54357247146235e+003	
   -2.49465390904084e+003	
   -2.44669453411779e+003	
   -2.39967553909520e+003	
   -2.35357848515147e+003	
   -2.30838529501057e+003	
   -2.25000000000000e+003	
   -2.21977119669507e+003	
   -2.17633291320708e+003	
   -2.13374636076787e+003	
   -2.09199483876865e+003	
   -2.05106197406353e+003	
   -2.01093171454871e+003	
   -1.97158832286751e+003	
   -1.93301637023888e+003	
   -1.89520073040689e+003	
   -1.85812657370887e+003	
   -1.82177936125982e+003	
   -1.78614483925095e+003	
   -1.75120903335991e+003	
   -1.71695824327065e+003	
   -1.68337903730078e+003	
   -1.65045824713425e+003	
   -1.61818296265725e+003	
   -1.58654052689549e+003	
   -1.55551853105063e+003	
   -1.52510480963410e+003	
   -1.49528743569633e+003	
   -1.46605471614949e+003	
   -1.43739518718200e+003	
   -1.40929760976289e+003	
   -1.38175096523436e+003	
   -1.35474445099069e+003	
   -1.32826747624200e+003	
   -1.30230965786094e+003	
   -1.27686081631087e+003	
   -1.25191097165394e+003	
   -1.22745033963735e+003	
   -1.20346932785637e+003	
   -1.17995853199267e+003	
   -1.15690873212629e+003	
   -1.13431088912004e+003	
   -1.11215614107470e+003	
   -1.09043579985378e+003	
   -1.06914134767640e+003	
   -1.04826443377701e+003	
   -1.02779687113055e+003	
   -1.00773063324187e+003	
   -9.88057850998055e+002	
   -9.68770809582555e+002	
   -9.49861945449712e+002	
   -9.31323843358689e+002	
   -9.13149233465530e+002	
   -8.95330988472236e+002	
   -8.77862120831752e+002	
   -8.60735780007749e+002	
   -8.43945249788137e+002	
   -8.27483945651263e+002	
   -8.11345412183739e+002	
   -7.95523320548912e+002	
   -7.80011466004964e+002	
   -7.64803765471682e+002	
   -7.49894255144934e+002	
   -7.35277088157927e+002	
   -7.20946532288312e+002	
   -7.06896967710258e+002	
   -6.93122884790597e+002	
   -6.79618881928184e+002	
   -6.66379663435623e+002	
   -6.53400037462523e+002	
   -6.40674913959485e+002	
   -6.28199302681996e+002	
   -6.15968311233477e+002	
   -6.03977143146695e+002	
   -5.92221096002790e+002	
   -5.80695559587197e+002	
   -5.69396014081714e+002	
   -5.58318028292025e+002	
   -5.47457257909976e+002	
   -5.36809443809929e+002	
   -5.26370410378510e+002	
   -5.16136063877119e+002	
   -5.06102390836539e+002	
   -4.96265456483030e+002	
   -4.86621403195275e+002	
   -4.77166448991595e+002	
   -4.67896886046809e+002	
   -4.58809079238197e+002	
   -4.49899464719949e+002	
   -4.41164548525588e+002	
   -4.32600905197784e+002	
   -4.24205176445034e+002	
   -4.15974069824691e+002	
   -4.07904357451806e+002	
   -3.99992874733292e+002	
   -3.92236519126905e+002	
   -3.84632248924565e+002	
   -3.77177082059525e+002	
   -3.69868094936938e+002	
   -3.62702421287342e+002	
   -3.55677251042640e+002	
   -3.48789829234109e+002	
   -3.42037454912020e+002	
   -3.35417480086442e+002	
   -3.28927308688817e+002	
   -3.22564395553890e+002	
   -3.16326245421609e+002	
   -3.10210411958589e+002	
   -3.04214496798765e+002	
   -2.98336148602859e+002	
   -2.92573062136284e+002	
   -2.86922977365133e+002	
   -2.81383678569886e+002	
   -2.75952993476507e+002	
   -2.70628792404567e+002	
   -2.65408987432076e+002	
   -2.60291531576694e+002	
   -2.55274417992985e+002	
   -2.50000000000000e+002	
   -2.45436940377870e+002	
   -2.40614647429285e+002	
   -2.35886909244397e+002	
   -2.31251871808232e+002	
   -2.26707717459051e+002	
   -2.22252664175540e+002	
   -2.17884964877981e+002	
   -2.13602906743118e+002	
   -2.09404810532469e+002	
   -2.05289029933793e+002	
   -2.01253950915483e+002	
   -1.97297991093611e+002	
   -1.93419599111383e+002	
   -1.89617254030768e+002	
   -1.85889464736047e+002	
   -1.82234769349066e+002	
   -1.78651734655947e+002	
   -1.75138955545046e+002	
   -1.71695054455927e+002	
   -1.68318680839144e+002	
   -1.65008510626612e+002	
   -1.61763245712365e+002	
   -1.58581613443495e+002	
   -1.55462366121074e+002	
   -1.52404280510856e+002	
   -1.49406157363585e+002	
   -1.46466820944691e+002	
   -1.43585118573226e+002	
   -1.40759920169830e+002	
   -1.37990117813559e+002	
   -1.35274625307410e+002	
   -1.32612377752363e+002	
   -1.30002331129768e+002	
   -1.27443461891929e+002	
   -1.24934766560715e+002	
   -1.22475261334034e+002	
   -1.20063981700033e+002	
   -1.17699982058856e+002	
   -1.15382335351820e+002	
   -1.13110132697863e+002	
   -1.10882483037120e+002	
   -1.08698512781490e+002	
   -1.06557365472049e+002	
   -1.04458201443186e+002	
   -1.02400197493319e+002	
   -1.00382546562078e+002	
   -9.84044574138018e+001	
   -9.64651543272566e+001	
   -9.45638767914281e+001	
   -9.26998792072824e+001	
   -9.08724305953749e+001	
   -8.90808143091911e+001	
   -8.73243277541089e+001	
   -8.56022821118715e+001	
   -8.39140020704622e+001	
   -8.22588255592767e+001	
   -8.06361034894870e+001	
   -7.90451994994970e+001	
   -7.74854897053892e+001	
   -7.59563624562640e+001	
   -7.44572180943764e+001	
   -7.29874687199769e+001	
   -7.15465379607617e+001	
   -7.01338607458448e+001	
   -6.87488830841615e+001	
   -6.73910618472172e+001	
   -6.60598645560953e+001	
   -6.47547691726424e+001	
   -6.34752638947475e+001	
   -6.22208469556348e+001	
   -6.09910264270929e+001	
   -5.97853200265617e+001	
   -5.86032549280016e+001	
   -5.74443675764722e+001	
   -5.63082035063453e+001	
   -5.51943171630836e+001	
   -5.41022717285134e+001	
   -5.30316389495229e+001	
   -5.19819989701205e+001	
   -5.09529401667848e+001	
   -4.99440589870439e+001	
   -4.89549597912195e+001	
   -4.79852546972740e+001	
   -4.70345634287000e+001	
   -4.61025131653922e+001	
   -4.51887383974433e+001	
   -4.42928807818072e+001	
   -4.34145890017717e+001	
   -4.25535186291880e+001	
   -4.17093319894000e+001	
   -4.08816980288235e+001	
   -4.00702921851211e+001	
   -3.92747962599226e+001	
   -3.84948982940418e+001	
   -3.77302924451390e+001	
   -3.69806788677833e+001	
   -3.62457635958660e+001	
   -3.55252584273196e+001	
   -3.48188808110977e+001	
   -3.41263537363703e+001	
   -3.34474056238924e+001	
   -3.27817702195024e+001	
   -3.21291864897082e+001	
   -3.14893985193218e+001	
   -3.08621554110998e+001	
   -3.02472111873527e+001	
   -2.96443246934831e+001	
   -2.90532595034148e+001	
   -2.84737838268772e+001	
   -2.79056704185071e+001	
   -2.73486964887324e+001	
   -2.68026436164043e+001	
   -2.62672976631415e+001	
   -2.57424486893544e+001	
   -2.52278908719161e+001	
   -2.47234224234471e+001	
   -2.42288455131835e+001	
   -2.37439661893956e+001	
   -2.32685943033290e+001	
   -2.28025434346363e+001	
   -2.23456308182708e+001	
   -2.18976772728145e+001	
   -2.14585071302103e+001	
   -2.10279481668729e+001	
   -2.06058315361499e+001	
   -2.01919917021077e+001	
   -1.97862663746154e+001	
   -1.93884964457014e+001	
   -1.89985259271582e+001	
   -1.86162018893708e+001	
   -1.82413744013439e+001	
   -1.78738964719058e+001	
   -1.75136239920645e+001	
   -1.71604156784946e+001	
   -1.68141330181320e+001	
   -1.64746402138549e+001	
   -1.61418041312303e+001	
   -1.58154942463042e+001	
   -1.54955825944159e+001	
   -1.51819437200156e+001	
   -1.48744546274662e+001	
   -1.45729947328100e+001	
   -1.42774458164804e+001	
   -1.39876919769416e+001	
   -1.37036195852369e+001	
   -1.34251172404283e+001	
   -1.31520757259101e+001	
   -1.28843879665785e+001	
   -1.26219489868417e+001	
   -1.23646558694526e+001	
   -1.21124077151496e+001	
   -1.18651056030879e+001	
   -1.16226525520469e+001	
   -1.13849534823990e+001	
   -1.11519151788225e+001	
   -1.09234462537476e+001	
   -1.06994571115172e+001	
   -1.04798599132522e+001	
   -1.02645685424041e+001	
   -1.00534985709844e+001	
   -9.84656722645530e+000	
   -9.64369335926990e+000	
   -9.44479741104892e+000	
   -9.24980138338129e+000	
   -9.05862880723656e+000	
   -8.87120471297702e+000	
   -8.68745560095786e+000	
   -8.50730941270379e+000	
   -8.33069550265077e+000	
   -8.15754461044193e+000	
   -7.98778883376660e+000	
   -7.82136160173196e+000	
   -7.65819764875682e+000	
   -7.49823298897728e+000	
   -7.34140489115419e+000	
   -7.18765185407274e+000	
   -7.03691358242425e+000	
   -6.88913096316103e+000	
   -6.74424604231474e+000	
   -6.60220200226935e+000	
   -6.46294313947976e+000	
   -6.32641484262721e+000	
   -6.19256357120315e+000	
   -6.06133683451289e+000	
   -5.93268317109107e+000	
   -5.80655212852066e+000	
   -5.68289424364770e+000	
   -5.56166102318402e+000	
   -5.44280492469022e+000	
   -5.32627933793159e+000	
   -5.21203856659959e+000	
   -5.10003781039176e+000	
   -4.99023314744290e+000	
   -4.88258151710088e+000	
   -4.77704070304008e+000	
   -4.67356931670596e+000	
   -4.57212678108428e+000	
   -4.47267331478851e+000	
   -4.37516991645932e+000	
   -4.27957834946992e+000	
   -4.18586112693130e+000	
   -4.09398149699147e+000	
   -4.00390342842301e+000	
   -3.91559159649314e+000	
   -3.82901136911092e+000	
   -3.74412879324600e+000	
   -3.66091058161373e+000	
   -3.57932409962130e+000	
   -3.49933735256991e+000	
   -3.42091897310775e+000	
   -3.34403820892917e+000	
   -3.26866491071487e+000	
   -3.19476952030870e+000	
   -3.12232305912617e+000	
   -3.05129711679036e+000	
   -2.98166383999055e+000	
   -2.91339592155937e+000	
   -2.84646658976408e+000	
   -2.78084959780793e+000	
   -2.71651921353718e+000	
   -2.65345020935018e+000	
   -2.59161785230410e+000	
   -2.53099789441578e+000	
   -2.47156656315273e+000	
   -2.41330055211052e+000	
   -2.35617701187305e+000	
   -2.30017354105201e+000	
   -2.24526817750197e+000	
   -2.19143938970782e+000	
   -2.13866606834100e+000	
   -2.08692751798137e+000	
   -2.03620344900134e+000	
   -1.98647396960916e+000	
   -1.93771957804820e+000	
   -1.88992115494921e+000	
   -1.84305995583256e+000	
   -1.79711760375741e+000	
   -1.75207608211511e+000	
   -1.70791772756383e+000	
   -1.66462522310180e+000	
   -1.62218159127627e+000	
   -1.58057018752576e+000	
   -1.53977469365270e+000	
   -1.49977911142422e+000	
   -1.46056775629825e+000	
   -1.42212525127280e+000	
   -1.38443652085568e+000	
   -1.34748678515263e+000	
   -1.31126155407121e+000	
   -1.27574662163844e+000	
   -1.24092806042984e+000	
   -1.20679221610769e+000	
   -1.17332570206636e+000	
   -1.14051539418271e+000	
   -1.10834842566932e+000	
   -1.07681218202874e+000	
   -1.04589429610661e+000	
   -1.01558264324178e+000	
   -9.85865336511546e-001	
   -9.56730722070143e-001	
   -9.28167374578572e-001	
   -9.00164092724090e-001	
   -8.72709894827539e-001	
   -8.45794014536803e-001	
   -8.19405896604709e-001	
   -7.93535192749715e-001	
   -7.68171757597760e-001	
   -7.43305644703686e-001	
   -7.18927102650672e-001	
   -6.95026571226149e-001	
   -6.71594677672696e-001	
   -6.48622233012447e-001	
   -6.26100228443575e-001	
   -6.04019831807426e-001	
   -5.82372384124928e-001	
   -5.61149396200910e-001	
   -5.40342545295009e-001	
   -5.19943671857852e-001	
   -4.99944776331228e-001	
   -4.80338016011008e-001	
   -4.61115701971576e-001	
   -4.42270296050565e-001	
   -4.23794407892711e-001	
   -4.05680792051677e-001	
   -3.87922345148703e-001	
   -3.70512103086964e-001	
   -3.53443238320553e-001	
   -3.36709057177012e-001	
   -3.20302997232365e-001	
   -3.04218624737613e-001	
   -2.88449632095699e-001	
   -2.72989835387940e-001	
   -2.57833171948961e-001	
   -2.42973697989177e-001	
   -2.28405586263899e-001	
   -2.14123123788137e-001	
   -2.00120709596212e-001	
   -1.86392852545306e-001	
   -1.72934169162065e-001	
   -1.59739381531436e-001	
   -1.46803315226898e-001	
   -1.34120897281273e-001	
   -1.21687154197326e-001	
   -1.09497209997379e-001	
   -9.75462843111555e-002	
   -8.58296905011328e-002	
   -7.43428338246400e-002	
   -6.30812096320000e-002	
   -5.20404016000000e-002	
   -4.12160800000000e-002	
   -3.06040000000000e-002	
   -2.02000000000000e-002	
   -1.00000000000000e-002	
    0.00000000000000e+000	
